continent_1 = {
	provinces = {
		100 101 102 1020 1023 1024 103 104 105 1051 106 1069 107 108 1080 1099 110 111 112 1126 114 115 1159 116 117 1170 118 120 1202 1204 1206 1207 121 1219 122 1222 123 1230 124 125 126 1269 127 128 129 130 131 132 133 134 135 136 137 139 142 145 149 150 151 152 153 154 155 156 157 158 159 161 162 163 166 167 168 169 170 171 172 174 175 176 177 178 179 180 182 183 184 185 186 187 188 189 190 191 192 193 194 195 196 197 198 199 201 202 203 204 205 207 208 210 211 212 213 214 215 216 217 218 219 220 221 222 223 224 226 227 228 231 232 234 235 237 238 239 240 241 242 243 245 247 248 249 250 252 255 256 257 258 259 26 260 261 262 263 264 265 266 267 268 269 27 270 271 272 273 274 275 276 277 278 279 28 280 281 282 283 285 287 288 289 29 290 291 292 293 294 295 296 297 298 299 30 300 301 302 303 304 305 306 307 308 309 31 310 311 312 314 315 317 318 319 32 320 323 324 325 326 327 328 33 330 331 332 333 334 335 336 337 338 34 341 342 343 345 346 347 348 349 35 350 351 352 353 354 355 356 357 358 359 36 361 362 364 365 366 367 368 369 37 370 371 372 373 374 375 376 377 378 379 38 380 381 383 384 385 386 387 388 389 39 390 391 392 393 394 396 398 399 400 401 402 404 405 406 407 41 410 411 412 413 415 416 417 418 42 420 421 422 423 425 426 427 428 429 430 431 432 434 435 436 437 438 439 44 440 441 442 443 444 445 446 447 448 449 45 451 452 453 455 456 458 459 46 460 461 463 464 465 466 467 468 469 47 470 472 474 475 476 477 478 479 481 482 483 484 485 486 487 488 489 49 490 491 492 493 494 495 496 497 498 499 50 501 502 504 505 507 51 510 511 512 514 516 517 518 52 520 521 522 527 529 53 530 531 533 536 538 54 542 546 55 554 555 556 558 559 56 564 57 571 574 58 59 591 592 594 598 60 604 61 610 611 617 62 621 623 63 634 636 64 640 646 647 648 65 657 66 665 666 67 678 68 683 69 696 697 70 700 71 712 72 723 727 73 741 75 751 753 755 76 766 768 77 777 778 78 79 798 80 802 803 809 81 818 82 829 83 84 845 85 852 853 86 87 870 878 879 88 89 890 892 896 90 905 91 911 916 925 926 929 941 948 95 96 964 97 970 98 983 984 99 996 997 
	}
	farm_rgo_size = 1.5
	mine_rgo_size = 1.5
}

continent_2 = {
	provinces = {
		503 508 509 515 519 526 528 534 535 543 544 545 547 549 550 551 557 561 565 566 576 577 579 580 582 583 585 586 590 593 595 599 600 601 603 605 606 607 609 612 613 614 615 619 620 624 625 627 628 629 630 631 632 635 637 638 639 641 642 644 645 651 652 653 654 656 658 659 660 661 662 664 667 669 670 672 673 674 675 676 677 679 681 682 685 686 687 688 689 691 692 693 694 695 698 699 702 703 704 705 706 707 708 711  714 715 716 717 718 719 720 721 722 726 729 730 731 732 733 734 735 736 737 738 739 740 742 743 744 745 746 747 749 750 752 757 758 759 760 761 762 763 764 765 769 770 771 772 773 774 775 776 779 780 781 782 783 784 785 786 787 788 789 790 791 792 793 795 796 800 801 804 805 806 807 808 810 811 812 813 814 815 816 817 819 820 821 822 823 824 825 826 828 831 833 834 835 836 838 839 840 841 842 843 844 847 848 849 851 855 856 857 860 861 862 863 864 865 866 867 868 869 871 872 873 874 875 876 877 881 882 883 884 885 886 887 888 889 891 894 895 897 899 900 901 902 903 906 907 908 909 910 912 913 914 915 917 918 920 921 922 923 924 927 928 930 931 932 933 934 935 937 938 939 942 943 944 946 947 949 950 951 952 953 954 956 957 958 959 960 961 962 963 965 967 968 969 971 972 976 977 979 980 981 982 985 986 988 989 990 992 994 995 998 999 1000 1002 1003 1004 1005 1006 1007 1008 1010 1011 1012 1013 1014 1015 1016 1017 1019 1022 1025 1026 1027 1029 1030 1031 1032 1033 1037 1038 1039 1040 1041 1042 1044 1046 1047 1048 1049 1050 1053 1054 1055 1057 1058 1059 1060 1061 1062 1063 1064 1065 1067 1071 1075 1076 1077 1081 1082 1085 1088 1089 1090 1091 1095 1096 1097 1098 1101 1104 1105 1106 1109 1110 1112 1113 1115 1118 1119 1120 1127 1130 1133 1135 1136 1140 1142 1143 1154 1157 1160 1161 1162 1164 1174 1178 1182 1185 1186 1187 1190 1193 1196 1200 1209 1211 1214 1215 1224 1225 1229 1231 1257 1264 1266 1273 1274 1279 1287 1295 1303 1314 1316 1323 1326 1338 1343 1344 1349 1382 1384 1390 837 1475 537 552 562 563 568 569 572 578 584 588 589 596 602 608 618 633 649 655
	}
	farm_rgo_size = 1.0
	mine_rgo_size = 1.0
}

continent_4 = {
	provinces = {
		1068 1074 1084 1086 1111 1114 1122 1123 1128 1139 1149 1151 1163 1175 1177 1184 1189 1198 1199 1201 1203 1217 1220 1221 1228 1234 1235 1237 1238 1241 1253 1254 1259 1260 1261 1263 1265 1268 1270 1278 1285 1286 1290 1291 1293 1294 1296 1298 1301 1306 1307 1310 1317 1320 1322 1327 1328 1332 1333 1335 1339 1341 1342 1353 1356 1358 1365 1366 1368 1373 1379 1381 1383 1385 1389 1392 1397 1400 1401 1406 1408 1411 1412 1413 1415 1418 1420 1423 1426 1427 1428 1429 1431 1437 1438 1440 1444 1445 1446 1452 1456 1457 1461 1464 1466 1468 1469 1470 1473 1476 1477 1478 1483 1484 1485 1487 1492 1493 1495 1496 1499 1500 1501 1504 1505 1508 1509 1512 1513 1514 1515 1516 1518 1519 1521 1522 1524 1525 1530 1531 1532 1533 1535 1536 1538 1539 1542 1544 1546 1547 1548 1549 1551 1552 1553 1554 1558 1559 1560 1562 1563 1565 1566 1570 1575 1576 1578 1582 1585 1587 1589 1590 1592 1593 1596 1597 1598 1599 1602 1603 1604 1605 1606 1608 1609 1610 1612 1615 1616 1620 1621 1626 1627 1629 1630 1634 1636 1637 1639 1643 1645 1646 1647 1649 1650 1651 1652 1654 1658 1659 1660 1661 1663 1664 1666 1667 1669 1673 1676 1680 1682 1683 1685 1691 1693 1694 1695 1696 1697 1700 1701 1703 1704 1705 1709 1712 1713 1714 1716 1717 1718 1720 1721 1723 1724 1726 1728 1729 1730 1732 1734 1735 1736 1737 1739 1743 1744 1745 1746 1749 1752 1753 1755 1760 1764 1767 1768 1770 1771 1775 1776 1778 1779 1780 1781 1783 1785 1787 1789 1793 1794 1795 1799 1801 1802 1803 1805 1807 1810 1812 1815 1816 1817 1818 1819 1820 1823 1826 1829 1833 1835 1836 1837 1838 1839 1841 1842 1851 1853 1859 1860 1861 1862 1864 1866 1867 1870 1871 1872 1873 1878 1882 1886 1887 1892 1893 1894 1895 1896 1897 1903 1904 1906 1908 1909 1911 1913 1915 1917 1920 1921 1922 1923 1927 1932 1933 1934 1936 1937 1938 1940 1941 1947 1950 1951 1952 1955 1956 1957 1958 1960 1961 1962 1964 1970 1972 1974 1976 1979 1980 1981 1982 1984 1987 1988 1989 1990 1994 1995 1996 1998 2000 2002 2005 2009 2012 2013 2014 2015 2017 2020 2025 2027 2030 2035 2037 2041 2042 2045 2046 2047 2049 2050 2057 2059 2060 2068 2069 2071 2073 2079 2083 2088 2091
	}
	farm_rgo_size = 1.0
	mine_rgo_size = 1.0
}

continent_5 = {
	provinces = {
		1345 1357 1386 1414 1417 1439 1448 1449 1471 1482 1486 1503 1517 1528 1540 1541 1543 1545 1557 1561 1568 1580 1581 1584 1591 1600 1601 1618 1622 1623 1632 1638 1642 1648 1656 1662 1674 1677 1684 1692 1699 1702 1708 1711 1719 1722 1733 1738 1741 1742 1750 1756 1761 1769 1772 1773 1774 1777 1786 1790 1796 1797 1800 1804 1806 1808 1809 1813 1821 1822 1824 1827 1828 1831 1832 1840 1845 1848 1852 1854 1855 1857 1874 1876 1877 1879 1884 1899 1914
	}
	farm_rgo_size = 1.0
	mine_rgo_size = 1.0
}

continent_6 = {
	provinces = {
		919 936 955 973 975 993 1043 1052 1072 1092 1107 1117 1131 1137 1145 1150 1156 1166 1167 1176 1179 1180 1205 1216 1223 1226 1233 1239 1240 1244 1246 1248 1250 1252 1262 1271 1277 1281 1282 1283 1284 1289 1292 1299 1300 1309 1313 1318 1321 1329 1331 1346 1347 1351 1352 1355 1360 1371 1380 1387 1391 1396 1399 1403 1404 1405 1407 1410 1432 1435 1442 1443 1451 1453 1454 1460 1465 1480 1481 1506 1510 1511 1520 1529 1567 1573 1577 1594 1613 1624 1625 1675 1686
	}
	farm_rgo_size = 1.0
	mine_rgo_size = 1.0
}

continent_7 = {
	provinces = {
	1849 1850 1865 1869 1881 1883 1885 1888 1891 1900 1907 1910 1912 1916 1919 1924 1925 1928 1929 1930 1931 1935 1939 1944 1946 1948 1949 1953 1967 1968 1975 1977 1978 1983 1992 1993 1997 2001 2004 2007 2010 2011 2016 2018 2021 2023 2024 2028 2029 2031 2033 2034 2036 2039 2040 2043 2044 2052 2053 2054 2055 2056 2058 2062 2063 2064 2065 2067 2070 2072 2075 2076 2077 2078 2080 2081 2082 2084 2085 2086 2087 2089 2090 2092 2093 2094 2096 2098 2099 2100 2101 2102 2103 2104 2105 2106 2107 2108 2109 2110 2111 2112 2113 2114 2115 2116 2118 2119 2120 2121 2122 2124 2125 2126 2127 2128 2129 2130 2131 2132 2133 2134 2137 2138 2139 2140 2141 2142 2143 2144 2145 2146 2147 2148 2149 2150 2152 2153 2154 2155 2156 2157 2158 2159 2161 2162 2163 2164 2165 2166 2167 2168 2169 2170 2171 2172 2173 2174 2175 2176 2177 2178 2179 2181 2183 2184 2187 2188 2190 2191 2192 2194 2195 2196 2197 2199 2203 2204 2206 2208 2209 2210 2211 2212 2213 2214 2216 2220 2221 2222 2223 2224 2225 2227 2228 2229 2231 2232 2234 2235 2237 2238 2240 2241 2242 2243 2244 2245 2246 2247 2248 2249 2250 2251 2253 2254 2255 2256 2257 2258 2259 2260 2262 2263 2264 2265 2266 2267 2268 2269 2270 2271 2272 2273 2276 2277 2278 2279 2281 2282 2284 2285 2287 2288 2289 2290 2291 2292 2293 2294 2295 2296 2298 2299 2300 2301 2303 2304 2305 2306 2307 2308 2309 2311 2312 2313 2314 2316 2318 2320 2321 2323 2324 2325 2327 2328 2329 2330 2332 2333 2334 2335 2336 2337 2338 2339 2340 2341 2342 2344 2346 2348 2349 2350 2351 2353 2354 2355 2356 2358 2360 2363 2364 2367 2368 2372 2373 2374 2375
	}
	farm_rgo_size = 1.0
	mine_rgo_size = 1.0
}

continent_8 = {
	provinces = {
		1362 1364 1377 1394 1395 1409 1419 1422 1430 1434 1436 1447 1455 1459 1462 1463 1467 1490 1497 1498 1507 1523 1526 1527 1534 1555 1556 1564 1569 1574 1586 1607 1614 1617 1631 1635 1641 1644 1671 1678 1679 1687 1688 1710 1715 1727 1731 713 2051 74 200
	}
	farm_rgo_size = 1.0
	mine_rgo_size = 1.0
}

europe = { 
	provinces = { 

	} 
	#assimilation_rate = -0.25
} 
 
asia = { 
	provinces = { 

	} 
	#assimilation_rate = -0.25
 
} 
 
africa = { 
	provinces = { 

	} 
	#assimilation_rate = -0.25
 
} 
 
north_america = { 
	provinces = { 














	} 
	assimilation_rate = 0.5
	farm_rgo_size = 10
	mine_rgo_size = 10
} 
 
south_america = { 
	provinces = { 










	} 
	assimilation_rate = 0.5
	farm_rgo_size = 10.0
	mine_rgo_size = 10.0
 
} 
 
oceania = { 
	provinces = { 





	} 
	assimilation_rate = 0.5
	farm_rgo_size = 10.0
	mine_rgo_size = 10.0
} 

